2449
rightSleepTimeList
64
78
604
113
222
167
825
60
519
879
700
979
67
141
418
351
832
143
581
18
276
10
370
715
85
781
275
495
47
398
548
970
713
544
865
738
137
554
712
305
338
443
411
5
518
268
887
940
599
308
370
908
686
862
164
882
430
291
406
654
931
441
313
773
480
506
7
737
545
839
563
386
93
785
359
423
141
583
513
429
174
136
92
471
245
867
105
927
pressRightTimeList
718
653
736
550
315
204
192
497
694
209
408
584
700
76
0
574
533
587
893
555
191
790
157
662
853
467
962
982
113
519
249
792
743
822
495
438
451
723
462
237
947
555
612
276
607
994
764
365
740
438
656
117
230
416
711
605
587
55
982
920
586
506
551
573
413
705
765
13
819
646
938
396
639
783
437
794
734
359
118
680
288
956
200
825
356
144
37
775
upSleepTimeList1
181
171
407
53
92
36
104
270
350
40
371
332
277
60
31
180
481
358
139
132
307
417
307
185
255
375
262
493
233
303
392
269
108
96
244
276
164
69
164
191
118
498
82
38
333
341
350
176
278
264
174
266
214
368
307
53
186
362
140
300
254
313
295
351
378
12
129
85
437
320
356
281
109
277
319
31
323
281
133
145
21
142
486
47
291
12
72
163
157
290
124
87
377
18
229
40
376
335
103
156
21
15
480
127
439
272
225
376
78
361
135
397
248
55
38
283
440
202
6
293
426
423
14
186
304
436
273
14
286
454
442
46
447
263
12
50
400
286
15
390
223
240
11
33
176
90
36
453
241
392
148
180
256
6
429
255
446
upSleepTimeList2
475
112
226
292
165
258
257
344
85
355
30
95
488
123
469
163
294
174
340
136
188
260
168
286
492
75
462
375
207
235
384
77
178
91
188
168
400
327
386
469
233
180
204
104
83
117
333
276
335
147
43
157
162
125
164
351
256
133
300
112
291
456
43
79
141
288
186
104
285
346
422
252
73
220
100
407
232
323
225
218
460
126
138
90
60
309
178
46
117
24
453
499
361
127
496
194
330
179
447
93
177
120
138
44
329
472
224
13
446
381
320
415
430
352
252
366
255
454
380
376
176
166
26
165
417
82
235
121
17
239
307
207
316
64
253
197
5
74
173
16
277
95
337
213
259
28
327
6
375
499
110
52
72
411
354
349
85
