2650
rightSleepTimeList
13
982
2
957
356
69
827
664
103
776
741
955
646
575
94
590
251
140
795
424
741
379
997
221
pressRightTimeList
471
68
502
470
251
708
389
408
172
895
466
810
748
633
819
216
806
324
491
739
565
913
759
837
upSleepTimeList1
450
81
247
447
26
447
148
101
248
220
291
297
468
256
265
147
33
122
283
271
290
118
335
252
451
57
418
302
384
33
54
264
294
349
237
487
182
129
236
235
474
340
37
62
114
261
440
473
227
upSleepTimeList2
358
304
283
149
190
281
329
168
494
474
36
83
149
438
225
3
338
66
324
367
487
468
123
359
0
347
173
179
363
120
264
464
417
250
412
112
341
121
96
213
370
354
191
247
333
458
253
132
47
